115;arms_factory;1679.00;10.62;25.00;0.13;0
115;arms_factory;1663.00;9.70;32.00;2.80;0
115;arms_factory;1666.00;10.25;36.00;0.63;0
115;arms_factory;1805.00;10.62;36.00;3.30;0
115;arms_factory;1788.00;10.93;24.00;4.86;0
115;arms_factory;1685.00;10.68;6.00;1.24;0
115;industrial_complex;1674.00;10.60;8.00;5.37;0
115;industrial_complex;1802.00;10.30;6.00;1.75;0
115;industrial_complex;1752.00;9.70;29.00;3.30;0
115;industrial_complex;1748.00;9.70;31.00;1.14;0
115;industrial_complex;1779.00;11.73;10.00;2.35;0
115;industrial_complex;1787.00;10.93;21.00;0.19;0
115;air_base;1775.00;10.60;23.00;1.75;0
115;supply_node;1787.00;11.55;6.00;3.95;0
115;supply_node;1747.00;9.70;24.00;1.71;0
115;supply_node;1711.00;11.30;4.00;3.19;0
115;supply_node;1814.00;10.07;7.00;6.12;0
115;supply_node;1685.00;10.65;9.00;3.88;0
115;supply_node;1799.00;10.65;28.00;5.36;0
115;supply_node;1768.00;11.75;33.00;2.01;0
115;supply_node;1667.00;9.70;29.00;4.60;0
115;supply_node;1738.00;11.68;7.00;1.25;0
115;supply_node;1720.00;10.43;36.00;4.18;0
115;supply_node;1682.00;11.23;29.00;0.48;0
115;supply_node;1703.00;10.30;25.00;3.42;0
115;supply_node;1759.00;11.30;5.00;4.90;0
115;supply_node;1810.00;10.05;41.00;2.66;0
115;supply_node;1723.00;11.35;17.00;5.59;0
115;supply_node;1688.00;9.70;46.00;0.79;0
115;supply_node;1773.00;10.82;18.00;4.83;0
115;naval_base;1787.00;11.53;39.00;-2.40;10771
115;naval_base;1678.00;9.50;54.00;-2.23;11456
115;naval_base;1748.00;9.88;38.00;-3.14;10771
115;naval_base;1721.00;9.70;43.00;-3.03;11140
115;naval_base;1765.00;11.85;37.00;-3.14;10771
115;naval_base;1670.00;9.50;12.00;-0.09;11213
115;naval_base;1799.00;10.15;45.00;-1.82;10771
115;naval_base;1674.00;10.07;6.00;-1.22;11213
115;bunker;1685.00;10.82;22.00;2.93;0
115;bunker;1724.00;11.75;31.00;5.60;0
115;bunker;1776.00;12.03;12.00;3.44;0
115;bunker;1742.00;11.70;23.00;6.11;0
115;bunker;1671.00;9.70;27.00;1.38;0
115;bunker;1735.00;11.20;16.00;4.05;0
115;bunker;1695.00;10.10;17.00;1.88;0
115;bunker;1768.00;11.35;35.00;1.99;0
115;bunker;1794.00;10.12;18.00;6.11;0
115;bunker;1715.00;11.98;24.00;2.49;0
115;bunker;1754.00;11.00;3.00;5.16;0
115;bunker;1682.00;11.15;3.00;0.43;0
115;bunker;1714.00;11.28;11.00;4.56;0
115;bunker;1802.00;10.70;44.00;0.94;0
115;bunker;1792.00;10.80;4.00;3.60;0
115;bunker;1813.00;10.12;6.00;0.34;0
115;bunker;1682.00;9.70;45.00;3.00;0
115;coastal_bunker;1668.00;9.50;15.00;-0.09;0
115;coastal_bunker;1754.00;9.70;37.00;-3.14;0
115;coastal_bunker;1791.00;11.00;41.00;-2.40;0
115;coastal_bunker;1679.00;9.70;54.00;-2.23;0
115;coastal_bunker;1817.00;10.28;49.00;-3.14;0
115;coastal_bunker;1724.00;9.70;40.00;-3.03;0
115;coastal_bunker;1677.00;10.40;3.00;-1.22;0
115;coastal_bunker;1746.00;9.80;38.00;-3.14;0
115;dockyard;1662.00;9.50;42.00;-2.45;0
115;anti_air_building;1806.00;10.55;32.00;4.12;0
115;anti_air_building;1815.00;10.30;14.00;0.50;0
115;anti_air_building;1815.00;10.12;18.00;4.62;0
115;synthetic_refinery;1704.00;11.45;4.00;5.83;0
115;fuel_silo;1750.00;10.48;23.00;2.56;0
115;radar_station;1746.00;10.20;28.00;5.05;0
115;rocket_site;1788.00;11.43;3.00;1.61;0
115;nuclear_reactor;1774.00;11.03;16.00;4.28;0
115;floating_harbor;1747.00;9.50;45.00;0.00;70
115;floating_harbor;1667.42;9.50;2.61;-4.36;229
115;floating_harbor;1783.27;9.50;45.16;0.74;345
115;floating_harbor;1768.00;9.50;44.00;0.00;509
115;floating_harbor;1657.52;9.50;40.38;0.69;665
115;floating_harbor;1718.23;9.50;51.96;0.11;1237
115;floating_harbor;1810.00;9.50;55.00;0.00;1926
115;floating_harbor;1673.47;9.50;57.30;0.91;2216
121;arms_factory;2334.00;11.23;460.00;4.05;0
121;arms_factory;2337.00;11.48;456.00;0.44;0
121;arms_factory;2329.00;11.43;456.00;4.56;0
121;arms_factory;2334.00;12.55;455.00;6.12;0
121;supply_node;2333.00;11.68;457.00;2.95;0
121;bunker;2324.00;10.70;463.00;0.50;0
121;bunker;2334.00;11.93;452.00;2.06;0
121;coastal_bunker;2338.00;12.05;449.00;1.57;0
121;dockyard;2334.00;10.40;446.00;1.57;0
121;anti_air_building;2327.00;11.05;459.00;0.51;0
121;anti_air_building;2328.00;10.82;459.00;4.63;0
121;anti_air_building;2337.00;13.93;458.00;1.01;0
121;synthetic_refinery;2329.00;11.93;458.00;3.68;0
121;fuel_silo;2330.00;11.80;453.00;0.41;0
121;rocket_site;2332.00;11.95;452.00;5.74;0
121;floating_harbor;2345.00;9.50;457.00;-1.57;7544
121;floating_harbor;2338.82;9.50;474.57;-1.34;8614
21;floating_harbor;2328.31;9.50;438.44;-2.28;336
21;floating_harbor;2330.37;9.50;441.86;-0.20;2529
122;arms_factory;2291.00;10.18;473.00;0.50;0
122;arms_factory;2272.00;11.50;495.00;2.06;0
122;arms_factory;2292.00;10.85;487.00;0.51;0
122;industrial_complex;2251.00;11.40;494.00;4.63;0
122;industrial_complex;2288.00;9.70;471.00;1.01;0
122;industrial_complex;2285.00;12.48;479.00;3.68;0
122;air_base;2291.00;9.78;485.00;2.12;0
122;supply_node;2256.00;11.50;489.00;5.69;0
122;supply_node;2280.00;10.98;486.00;4.92;0
122;supply_node;2299.00;9.98;472.00;5.62;0
122;bunker;2287.00;11.07;483.00;1.18;0
122;bunker;2265.00;10.82;494.00;0.58;0
122;anti_air_building;2282.00;12.62;481.00;1.69;0
122;anti_air_building;2250.00;10.53;500.00;4.35;0
122;synthetic_refinery;2288.00;11.60;476.00;1.09;0
122;rocket_site;2266.00;10.65;481.00;3.15;0
7;arms_factory;2377.00;9.90;565.00;6.18;0
7;arms_factory;2409.00;10.38;555.00;1.10;0
7;arms_factory;2389.00;10.53;560.00;5.22;0
7;arms_factory;2370.00;9.90;554.00;0.50;0
7;arms_factory;2371.00;9.90;551.00;4.62;0
7;arms_factory;2379.00;9.90;555.00;5.83;0
7;industrial_complex;2380.00;11.32;536.00;3.67;0
7;industrial_complex;2388.00;10.55;542.00;0.40;0
7;industrial_complex;2382.00;9.90;550.00;1.61;0
7;industrial_complex;2392.00;10.95;532.00;5.73;0
7;industrial_complex;2393.00;11.90;538.00;2.12;0
7;industrial_complex;2402.00;11.53;571.00;3.68;0
7;air_base;2390.00;11.85;528.00;0.06;0
7;supply_node;2407.00;11.38;565.00;4.38;0
7;supply_node;2380.00;11.43;535.00;5.86;0
7;supply_node;2389.00;9.90;558.00;2.51;0
7;supply_node;2370.00;9.90;560.00;5.10;0
7;supply_node;2412.00;11.80;585.00;1.75;0
7;bunker;2411.00;11.60;571.00;4.18;0
7;bunker;2393.00;9.90;541.00;0.57;0
7;bunker;2369.00;10.15;563.00;4.69;0
7;bunker;2390.00;10.93;551.00;5.90;0
7;bunker;2409.00;12.10;584.00;2.63;0
7;anti_air_building;2377.00;10.40;564.00;5.30;0
7;anti_air_building;2392.00;10.73;551.00;1.68;0
7;anti_air_building;2402.00;10.95;559.00;4.34;0
7;synthetic_refinery;2397.00;11.00;539.00;1.07;0
7;fuel_silo;2399.00;10.53;545.00;2.29;0
7;rocket_site;2367.00;11.38;536.00;4.25;0
7;nuclear_reactor;2366.00;10.98;545.00;4.35;0
2;arms_factory;2343.00;9.90;520.00;5.67;0
2;arms_factory;2371.00;10.32;517.00;2.05;0
2;arms_factory;2415.00;11.75;496.00;4.71;0
2;arms_factory;2344.00;9.90;518.00;1.45;0
2;arms_factory;2369.00;11.10;515.00;4.11;0
2;arms_factory;2405.00;11.95;494.00;0.50;0
2;industrial_complex;2343.00;11.45;511.00;2.05;0
2;industrial_complex;2383.00;11.18;512.00;6.18;0
2;industrial_complex;2410.00;12.10;491.00;1.10;0
2;industrial_complex;2324.00;12.40;510.00;5.22;0
2;industrial_complex;2376.00;11.43;510.00;0.50;0
2;industrial_complex;2368.00;11.00;522.00;4.62;0
2;air_base;2344.00;10.88;507.00;5.83;0
2;supply_node;2408.00;11.95;494.00;2.27;0
2;supply_node;2390.00;11.70;482.00;0.03;0
2;supply_node;2356.00;12.43;498.00;2.97;0
2;supply_node;2396.00;12.73;507.00;4.45;0
2;supply_node;2376.00;11.43;510.00;2.21;0
2;supply_node;2423.00;11.68;509.00;3.68;0
2;supply_node;2335.00;13.00;515.00;0.34;0
2;supply_node;2358.00;13.03;519.00;4.38;0
2;naval_base;2404.00;10.53;486.00;0.38;10679
2;naval_base;2398.00;11.48;482.00;0.59;11398
2;naval_base;2422.00;10.18;498.00;0.95;10679
2;bunker;2414.00;10.73;508.00;1.17;0
2;bunker;2363.00;12.78;503.00;4.18;0
2;bunker;2333.00;13.45;510.00;0.57;0
2;bunker;2386.00;12.57;502.00;4.69;0
2;bunker;2392.00;11.73;488.00;5.90;0
2;bunker;2375.00;12.73;495.00;2.63;0
2;bunker;2411.00;10.90;494.00;5.30;0
2;bunker;2364.00;11.30;523.00;1.68;0
2;coastal_bunker;2407.00;11.10;488.00;0.38;0
2;coastal_bunker;2398.00;11.48;482.00;0.59;0
2;coastal_bunker;2436.00;12.03;512.00;0.95;0
2;dockyard;2417.00;10.00;493.00;0.38;0
2;anti_air_building;2381.00;11.90;514.00;4.25;0
2;anti_air_building;2404.00;11.85;503.00;4.35;0
2;anti_air_building;2336.00;13.30;511.00;2.19;0
2;synthetic_refinery;2376.00;11.93;512.00;4.85;0
2;fuel_silo;2405.00;12.40;501.00;0.13;0
2;rocket_site;2369.00;10.50;510.00;0.63;0
2;nuclear_reactor;2387.00;12.60;493.00;3.30;0
2;floating_harbor;2412.60;9.50;482.50;-2.76;9765
2;floating_harbor;2397.88;9.50;470.18;-2.55;9938
2;floating_harbor;2435.70;9.50;499.93;-2.19;10442
3;arms_factory;2409.00;11.65;532.00;4.11;0
3;arms_factory;2437.00;10.82;534.00;0.50;0
3;arms_factory;2450.00;11.70;536.00;2.05;0
3;arms_factory;2431.00;11.28;542.00;6.18;0
3;arms_factory;2418.00;11.55;533.00;1.10;0
3;arms_factory;2417.00;12.40;535.00;5.22;0
3;industrial_complex;2440.00;11.93;519.00;0.50;0
3;industrial_complex;2413.00;12.85;519.00;4.62;0
3;industrial_complex;2445.00;12.55;545.00;5.83;0
3;industrial_complex;2447.00;11.30;547.00;3.67;0
3;industrial_complex;2424.00;10.85;538.00;0.40;0
3;industrial_complex;2444.00;11.70;523.00;1.61;0
3;air_base;2451.00;12.53;525.00;5.73;0
3;supply_node;2415.00;14.12;533.00;2.21;0
3;supply_node;2434.00;10.85;549.00;3.68;0
3;supply_node;2445.00;11.75;528.00;0.34;0
3;naval_base;2450.00;12.07;517.00;0.43;11389
3;bunker;2444.00;11.55;529.00;4.28;0
3;bunker;2429.00;10.00;537.00;2.12;0
3;bunker;2446.00;12.53;545.00;4.79;0
3;coastal_bunker;2454.00;11.65;518.00;0.43;0
3;dockyard;2448.00;10.43;516.00;0.43;0
3;anti_air_building;2435.00;12.50;533.00;0.57;0
3;anti_air_building;2436.00;10.82;535.00;4.69;0
3;anti_air_building;2428.00;12.18;541.00;5.90;0
3;synthetic_refinery;2421.00;11.90;532.00;2.63;0
3;fuel_silo;2430.00;12.28;558.00;5.30;0
3;rocket_site;2444.00;11.93;542.00;4.34;0
3;nuclear_reactor;2446.00;12.73;544.00;1.07;0
3;floating_harbor;2452.90;9.50;510.63;-2.71;10630
4;arms_factory;2476.00;10.50;548.00;4.62;0
4;arms_factory;2429.00;12.00;565.00;5.83;0
4;arms_factory;2466.00;11.50;555.00;3.67;0
4;arms_factory;2497.00;11.55;573.00;0.40;0
4;arms_factory;2467.00;11.35;558.00;1.61;0
4;arms_factory;2448.00;10.78;565.00;5.73;0
4;industrial_complex;2428.00;11.35;577.00;2.12;0
4;industrial_complex;2480.00;10.00;530.00;3.68;0
4;industrial_complex;2496.00;10.68;548.00;0.06;0
4;industrial_complex;2458.00;10.60;573.00;4.18;0
4;industrial_complex;2466.00;11.65;544.00;4.28;0
4;industrial_complex;2489.00;11.45;541.00;2.12;0
4;air_base;2489.00;10.57;564.00;4.79;0
4;supply_node;2488.00;10.10;539.00;1.75;0
4;supply_node;2428.00;11.28;575.00;4.68;0
4;supply_node;2500.00;12.40;563.00;0.98;0
4;supply_node;2444.00;11.75;566.00;3.92;0
4;supply_node;2474.00;10.98;548.00;5.40;0
4;supply_node;2468.00;11.45;529.00;3.15;0
4;supply_node;2482.00;10.75;568.00;6.09;0
4;supply_node;2454.00;11.15;552.00;1.29;0
4;supply_node;2461.00;10.18;566.00;5.33;0
4;naval_base;2503.00;10.68;550.00;1.29;11045
4;naval_base;2478.00;9.60;526.00;0.32;11389
4;naval_base;2498.00;10.30;541.00;-4.61;11045
4;bunker;2475.00;11.00;549.00;4.25;0
4;bunker;2444.00;12.20;574.00;4.35;0
4;bunker;2497.00;12.35;568.00;2.19;0
4;bunker;2482.00;10.85;569.00;4.85;0
4;bunker;2466.00;12.28;572.00;0.13;0
4;bunker;2457.00;11.32;559.00;2.80;0
4;bunker;2435.00;11.82;569.00;0.63;0
4;bunker;2459.00;11.65;527.00;3.30;0
4;bunker;2490.00;10.40;536.00;4.86;0
4;coastal_bunker;2491.00;10.48;534.00;0.32;0
4;coastal_bunker;2507.00;12.82;559.00;1.29;0
4;coastal_bunker;2457.00;11.38;519.00;0.32;0
4;dockyard;2497.00;9.65;539.00;-4.61;0
4;anti_air_building;2506.00;10.93;566.00;1.14;0
4;anti_air_building;2492.00;11.62;572.00;2.35;0
4;anti_air_building;2480.00;11.03;554.00;0.19;0
4;synthetic_refinery;2420.00;11.75;574.00;1.75;0
4;fuel_silo;2475.00;11.15;526.00;4.42;0
4;rocket_site;2454.00;11.07;559.00;3.81;0
4;nuclear_reactor;2471.00;11.10;540.00;5.02;0
4;floating_harbor;2492.21;9.50;526.36;-2.82;1100
4;floating_harbor;2513.73;9.50;559.08;-1.85;2145
4;floating_harbor;2472.21;9.50;516.36;-2.82;10386
5;arms_factory;2453.00;11.43;590.00;5.73;0
5;arms_factory;2503.00;10.93;586.00;2.12;0
5;arms_factory;2474.00;10.78;587.00;3.68;0
5;arms_factory;2437.00;13.32;609.00;0.06;0
5;arms_factory;2441.00;11.50;605.00;4.18;0
5;arms_factory;2477.00;10.00;604.00;4.28;0
5;industrial_complex;2421.00;13.15;593.00;2.12;0
5;industrial_complex;2443.00;11.65;595.00;4.79;0
5;industrial_complex;2452.00;12.98;583.00;1.17;0
5;industrial_complex;2486.00;11.38;592.00;4.18;0
5;industrial_complex;2474.00;10.93;580.00;0.57;0
5;industrial_complex;2459.00;11.53;599.00;4.69;0
5;air_base;2496.00;12.05;582.00;5.90;0
5;supply_node;2448.00;12.05;616.00;3.15;0
5;supply_node;2429.00;12.43;595.00;6.09;0
5;supply_node;2466.00;10.23;610.00;1.29;0
5;supply_node;2494.00;13.35;590.00;5.33;0
5;supply_node;2447.00;10.45;590.00;0.52;0
5;supply_node;2463.00;11.53;590.00;3.46;0
5;supply_node;2445.00;13.12;607.00;1.22;0
5;supply_node;2480.00;11.30;580.00;2.70;0
5;supply_node;2477.00;11.00;593.00;5.63;0
5;naval_base;2474.00;10.10;612.00;-3.73;11314
5;naval_base;2499.00;9.90;596.00;-3.04;11314
5;naval_base;2454.00;10.05;626.00;-3.75;11314
5;bunker;2482.00;11.85;590.00;2.80;0
5;bunker;2435.00;11.55;588.00;0.63;0
5;bunker;2477.00;10.40;609.00;3.30;0
5;bunker;2440.00;11.15;598.00;4.86;0
5;bunker;2471.00;10.38;592.00;1.24;0
5;bunker;2481.00;11.43;576.00;5.37;0
5;bunker;2496.00;13.10;588.00;1.75;0
5;bunker;2437.00;13.12;608.00;3.30;0
5;bunker;2456.00;11.20;622.00;1.14;0
5;coastal_bunker;2465.00;11.38;617.00;-3.73;0
5;coastal_bunker;2503.00;9.90;592.00;1.25;0
5;coastal_bunker;2457.00;10.62;625.00;-3.75;0
5;dockyard;2475.00;9.90;612.00;-3.73;0
5;anti_air_building;2450.00;11.38;602.00;0.80;0
5;anti_air_building;2460.00;10.05;603.00;3.81;0
5;anti_air_building;2429.00;11.07;590.00;5.02;0
5;synthetic_refinery;2477.00;10.25;586.00;2.86;0
5;fuel_silo;2451.00;13.65;581.00;0.70;0
5;rocket_site;2483.00;10.65;577.00;4.93;0
5;nuclear_reactor;2467.00;11.35;596.00;1.31;0
5;floating_harbor;2459.01;9.50;631.73;-0.61;923
5;floating_harbor;2473.88;9.50;621.82;-0.59;9416
5;floating_harbor;2492.30;9.50;606.97;0.10;9783
6;arms_factory;2374.00;10.98;574.00;4.28;0
6;arms_factory;2353.00;9.90;565.00;2.12;0
6;arms_factory;2341.00;11.07;565.00;4.79;0
6;arms_factory;2301.00;11.20;555.00;1.17;0
6;arms_factory;2409.00;12.23;593.00;4.18;0
6;arms_factory;2406.00;11.28;591.00;0.57;0
6;industrial_complex;2324.00;11.20;565.00;4.69;0
6;industrial_complex;2327.00;10.70;562.00;5.90;0
6;industrial_complex;2389.00;11.07;582.00;2.63;0
6;industrial_complex;2364.00;9.98;572.00;5.30;0
6;industrial_complex;2354.00;9.90;566.00;1.68;0
6;industrial_complex;2314.00;11.23;560.00;4.34;0
6;air_base;2308.00;11.43;555.00;1.07;0
6;supply_node;2441.00;11.85;620.00;3.46;0
6;supply_node;2425.00;12.25;604.00;1.22;0
6;supply_node;2317.00;10.93;560.00;2.70;0
6;supply_node;2350.00;10.45;565.00;5.63;0
6;supply_node;2404.00;11.38;589.00;1.94;0
6;supply_node;2376.00;11.00;575.00;4.87;0
6;naval_base;2451.00;13.50;628.00;-3.93;11134
6;bunker;2316.00;11.10;561.00;2.80;0
6;bunker;2339.00;11.00;563.00;0.63;0
6;bunker;2403.00;11.18;588.00;3.30;0
6;bunker;2422.00;11.98;600.00;4.86;0
6;bunker;2370.00;12.03;575.00;1.24;0
6;bunker;2449.00;12.75;627.00;5.37;0
6;coastal_bunker;2450.00;13.82;629.00;-3.93;0
6;dockyard;2451.00;13.50;628.00;-3.93;0
6;anti_air_building;2328.00;10.75;562.00;1.14;0
6;anti_air_building;2309.00;10.32;557.00;2.35;0
6;anti_air_building;2373.00;10.98;575.00;0.19;0
6;synthetic_refinery;2354.00;9.90;566.00;1.75;0
6;fuel_silo;2347.00;11.23;563.00;4.42;0
6;rocket_site;2449.00;13.43;628.00;3.81;0
6;nuclear_reactor;2403.00;11.25;587.00;5.02;0
6;floating_harbor;2455.95;9.50;634.95;-0.79;11582
14;arms_factory;2090.00;10.45;576.00;2.80;0
14;arms_factory;2083.00;10.35;563.00;0.63;0
14;arms_factory;2070.00;11.30;535.00;3.30;0
14;arms_factory;2231.00;11.40;592.00;4.86;0
14;arms_factory;2254.00;12.30;581.00;1.24;0
14;arms_factory;2262.00;11.55;571.00;5.37;0
14;industrial_complex;2240.00;13.03;588.00;1.75;0
14;industrial_complex;2175.00;11.57;617.00;3.30;0
14;industrial_complex;2265.00;11.20;565.00;1.14;0
14;industrial_complex;2283.00;13.48;557.00;2.35;0
14;industrial_complex;2168.00;10.65;615.00;0.19;0
14;industrial_complex;2277.00;13.55;561.00;1.75;0
14;air_base;2128.00;12.95;609.00;4.42;0
14;supply_node;2242.00;12.18;585.00;1.71;0
14;supply_node;2276.00;13.23;562.00;3.19;0
14;supply_node;2075.00;10.80;550.00;6.12;0
14;supply_node;2158.00;9.90;612.00;3.88;0
14;bunker;2106.00;11.20;598.00;4.93;0
14;bunker;2068.00;11.38;533.00;1.31;0
14;bunker;2212.00;10.80;608.00;5.43;0
14;bunker;2256.00;11.28;576.00;5.54;0
14;bunker;2146.00;10.00;611.00;3.37;0
14;bunker;2276.00;13.20;560.00;6.04;0
14;anti_air_building;2095.00;11.57;580.00;2.42;0
14;anti_air_building;2083.00;9.90;570.00;3.98;0
14;anti_air_building;2073.00;9.93;541.00;1.82;0
14;synthetic_refinery;2086.00;10.62;575.00;4.49;0
14;fuel_silo;2243.00;12.10;585.00;6.04;0
14;rocket_site;2228.00;11.15;591.00;5.09;0
14;nuclear_reactor;2257.00;11.55;577.00;2.93;0
129;arms_factory;2122.00;9.90;594.00;3.45;0
129;arms_factory;2126.00;9.90;573.00;4.66;0
129;arms_factory;2131.00;9.90;589.00;1.39;0
129;arms_factory;2123.00;11.05;577.00;4.05;0
129;arms_factory;2165.00;11.25;598.00;0.44;0
129;arms_factory;2132.00;10.90;565.00;4.56;0
129;industrial_complex;2208.00;10.80;599.00;6.12;0
129;industrial_complex;2114.00;9.90;587.00;3.96;0
129;industrial_complex;2095.00;12.73;545.00;5.16;0
129;industrial_complex;2111.00;9.90;591.00;3.00;0
129;industrial_complex;2114.00;12.20;566.00;4.57;0
129;industrial_complex;2161.00;10.40;607.00;0.95;0
129;air_base;2106.00;10.70;568.00;3.61;0
129;supply_node;2166.00;10.62;603.00;0.78;0
129;supply_node;2112.00;10.30;545.00;2.26;0
129;supply_node;2127.00;9.90;576.00;5.20;0
129;supply_node;2129.00;12.45;559.00;2.95;0
129;supply_node;2111.00;9.90;579.00;4.43;0
129;supply_node;2187.00;9.90;597.00;1.08;0
129;supply_node;2206.00;10.70;597.00;3.67;0
129;supply_node;2143.00;9.90;599.00;0.32;0
129;supply_node;2097.00;10.73;560.00;1.80;0
129;supply_node;2123.00;9.90;597.00;5.84;0
129;supply_node;2141.00;9.90;585.00;2.49;0
129;supply_node;2165.00;11.05;589.00;3.97;0
129;bunker;2111.00;9.90;547.00;0.51;0
129;bunker;2106.00;11.40;558.00;4.63;0
129;bunker;2118.00;9.90;596.00;1.01;0
129;bunker;2165.00;10.45;606.00;3.68;0
129;bunker;2172.00;10.38;584.00;0.41;0
129;bunker;2188.00;9.90;602.00;1.62;0
129;bunker;2108.00;10.30;569.00;5.74;0
129;bunker;2150.00;11.80;591.00;2.12;0
129;bunker;2210.00;11.40;595.00;3.69;0
129;bunker;2138.00;11.73;567.00;0.07;0
129;bunker;2128.00;12.73;567.00;4.19;0
129;bunker;2147.00;11.45;597.00;4.29;0
129;anti_air_building;2154.00;10.00;598.00;2.13;0
129;anti_air_building;2108.00;9.90;584.00;6.25;0
129;anti_air_building;2116.00;10.55;542.00;1.18;0
129;synthetic_refinery;2120.00;9.90;586.00;4.20;0
129;fuel_silo;2130.00;9.90;576.00;0.58;0
129;rocket_site;2104.00;10.10;566.00;5.91;0
129;nuclear_reactor;2202.00;9.93;599.00;2.64;0
12;arms_factory;2190.00;11.55;536.00;4.86;0
12;arms_factory;2182.00;13.07;540.00;1.24;0
12;arms_factory;2203.00;11.60;556.00;5.37;0
12;arms_factory;2223.00;9.98;581.00;1.75;0
12;arms_factory;2204.00;11.62;550.00;3.30;0
12;arms_factory;2211.00;12.23;541.00;1.14;0
12;industrial_complex;2214.00;13.95;545.00;2.35;0
12;industrial_complex;2223.00;10.55;570.00;0.19;0
12;industrial_complex;2171.00;10.40;567.00;1.75;0
12;industrial_complex;2157.00;11.57;571.00;4.42;0
12;industrial_complex;2154.00;11.62;562.00;0.80;0
12;industrial_complex;2148.00;10.57;567.00;3.81;0
12;air_base;2159.00;11.10;537.00;5.02;0
12;supply_node;2155.00;11.12;570.00;3.88;0
12;supply_node;2151.00;12.48;540.00;5.36;0
12;supply_node;2245.00;11.03;571.00;2.01;0
12;supply_node;2172.00;12.45;524.00;4.60;0
12;supply_node;2230.00;12.57;573.00;1.25;0
12;supply_node;2194.00;10.78;511.00;4.18;0
12;supply_node;2186.00;11.93;571.00;0.48;0
12;supply_node;2236.00;11.53;548.00;3.42;0
12;supply_node;2171.00;10.93;553.00;4.90;0
12;supply_node;2218.00;10.75;529.00;2.66;0
12;supply_node;2207.00;10.53;578.00;5.59;0
12;supply_node;2193.00;12.30;538.00;0.79;0
12;supply_node;2221.00;10.50;582.00;4.83;0
12;supply_node;2209.00;12.03;559.00;0.03;0
12;supply_node;2219.00;11.10;543.00;2.96;0
12;bunker;2196.00;10.85;506.00;5.09;0
12;bunker;2203.00;12.62;543.00;2.93;0
12;bunker;2169.00;10.45;567.00;4.49;0
12;bunker;2180.00;13.12;536.00;0.87;0
12;bunker;2169.00;12.10;540.00;3.54;0
12;bunker;2240.00;11.88;563.00;1.38;0
12;bunker;2234.00;11.40;571.00;2.93;0
12;bunker;2242.00;11.40;558.00;5.60;0
12;bunker;2214.00;10.93;528.00;3.44;0
12;bunker;2220.00;12.32;566.00;6.11;0
12;bunker;2203.00;10.10;577.00;1.38;0
12;bunker;2147.00;12.35;537.00;4.05;0
12;bunker;2222.00;11.35;537.00;1.88;0
12;bunker;2195.00;10.68;571.00;1.99;0
12;bunker;2224.00;10.12;588.00;6.11;0
12;anti_air_building;2229.00;11.35;560.00;2.49;0
12;anti_air_building;2171.00;10.32;564.00;5.16;0
12;anti_air_building;2189.00;10.25;528.00;0.43;0
12;synthetic_refinery;2177.00;9.90;558.00;4.56;0
12;fuel_silo;2210.00;11.07;581.00;0.94;0
12;rocket_site;2209.00;11.53;575.00;0.34;0
12;nuclear_reactor;2196.00;9.93;541.00;3.00;0
35;arms_factory;2271.00;11.12;509.00;0.34;0
35;arms_factory;2262.00;9.90;508.00;3.00;0
35;arms_factory;2272.00;11.93;512.00;5.67;0
35;arms_factory;2209.00;13.80;491.00;2.05;0
35;arms_factory;2212.00;13.73;495.00;5.06;0
35;arms_factory;2205.00;14.48;494.00;6.28;0
35;industrial_complex;2238.00;13.07;522.00;4.12;0
35;industrial_complex;2236.00;12.98;528.00;0.50;0
35;industrial_complex;2233.00;11.95;526.00;2.05;0
35;industrial_complex;2269.00;11.07;530.00;6.18;0
35;industrial_complex;2263.00;13.70;529.00;2.56;0
35;industrial_complex;2254.00;12.00;528.00;4.12;0
35;air_base;2232.00;13.50;502.00;0.50;0
35;supply_node;2258.00;13.53;536.00;4.34;0
35;supply_node;2213.00;14.05;488.00;5.81;0
35;supply_node;2234.00;11.43;495.00;3.57;0
35;supply_node;2260.00;12.82;557.00;5.05;0
35;supply_node;2240.00;10.12;517.00;1.70;0
35;supply_node;2217.00;13.70;512.00;5.74;0
35;supply_node;2278.00;13.18;550.00;0.94;0
35;supply_node;2266.00;11.88;513.00;3.88;0
35;bunker;2224.00;10.73;482.00;0.06;0
35;bunker;2263.00;9.90;505.00;4.18;0
35;bunker;2240.00;10.98;511.00;5.74;0
35;bunker;2216.00;9.98;519.00;2.12;0
35;bunker;2277.00;13.20;553.00;4.79;0
35;bunker;2230.00;11.57;495.00;1.52;0
35;bunker;2252.00;11.70;557.00;2.73;0
35;bunker;2254.00;11.20;529.00;0.57;0
35;anti_air_building;2232.00;11.82;488.00;3.24;0
35;anti_air_building;2228.00;11.38;486.00;4.79;0
35;anti_air_building;2225.00;13.75;508.00;2.63;0
35;synthetic_refinery;2212.00;14.07;507.00;5.30;0
35;fuel_silo;2216.00;13.65;505.00;1.68;0
35;rocket_site;2266.00;12.85;534.00;1.08;0
35;nuclear_reactor;2255.00;13.07;538.00;3.74;0
13;arms_factory;2118.00;11.03;510.00;0.19;0
13;arms_factory;2126.00;12.23;507.00;1.75;0
13;arms_factory;2123.00;11.20;539.00;4.42;0
13;arms_factory;2129.00;10.82;481.00;0.80;0
13;arms_factory;2134.00;12.48;518.00;3.81;0
13;arms_factory;2122.00;11.60;514.00;5.02;0
13;industrial_complex;2147.00;11.10;501.00;2.86;0
13;industrial_complex;2112.00;11.88;519.00;0.70;0
13;industrial_complex;2133.00;10.62;486.00;0.80;0
13;industrial_complex;2132.00;10.23;489.00;4.93;0
13;industrial_complex;2148.00;10.70;525.00;1.31;0
13;industrial_complex;2153.00;11.43;505.00;5.43;0
13;air_base;2141.00;11.93;508.00;5.54;0
13;supply_node;2147.00;12.53;514.00;3.42;0
13;supply_node;2130.00;11.10;536.00;4.90;0
13;supply_node;2130.00;11.98;494.00;2.66;0
13;supply_node;2110.00;11.95;521.00;5.59;0
13;supply_node;2106.00;13.73;499.00;0.79;0
13;supply_node;2120.00;11.35;515.00;4.83;0
13;bunker;2106.00;11.38;503.00;6.04;0
13;bunker;2134.00;11.05;515.00;3.88;0
13;bunker;2140.00;10.75;502.00;5.09;0
13;bunker;2115.00;10.78;528.00;2.93;0
13;bunker;2123.00;13.15;528.00;4.49;0
13;bunker;2127.00;11.48;510.00;0.87;0
13;anti_air_building;2123.00;12.05;516.00;3.54;0
13;anti_air_building;2130.00;10.70;506.00;1.38;0
13;anti_air_building;2106.00;10.65;523.00;2.93;0
13;synthetic_refinery;2126.00;10.57;488.00;5.60;0
13;fuel_silo;2160.00;12.20;520.00;3.44;0
13;rocket_site;2150.00;10.38;499.00;1.38;0
13;nuclear_reactor;2119.00;11.98;528.00;4.05;0
16;arms_factory;2161.00;11.05;435.00;4.93;0
16;arms_factory;2201.00;12.32;451.00;1.31;0
16;arms_factory;2144.00;10.48;489.00;5.43;0
16;arms_factory;2177.00;9.90;426.00;5.54;0
16;arms_factory;2188.00;10.07;464.00;3.37;0
16;arms_factory;2181.00;13.25;461.00;6.04;0
16;industrial_complex;2188.00;10.00;440.00;2.42;0
16;industrial_complex;2165.00;10.35;465.00;3.98;0
16;industrial_complex;2153.00;9.90;463.00;1.82;0
16;industrial_complex;2170.00;11.18;452.00;4.49;0
16;industrial_complex;2160.00;11.68;449.00;6.04;0
16;industrial_complex;2164.00;10.07;434.00;3.88;0
16;air_base;2191.00;10.20;494.00;5.09;0
16;supply_node;2175.00;12.23;498.00;2.20;0
16;supply_node;2171.00;10.60;478.00;5.13;0
16;supply_node;2149.00;10.70;481.00;1.43;0
16;supply_node;2195.00;10.05;477.00;4.37;0
16;supply_node;2189.00;10.82;455.00;5.85;0
16;supply_node;2157.00;9.90;462.00;3.61;0
16;supply_node;2155.00;9.90;437.00;0.26;0
16;supply_node;2178.00;10.78;432.00;1.74;0
16;supply_node;2170.00;11.30;449.00;5.78;0
16;bunker;2186.00;10.05;469.00;1.38;0
16;bunker;2157.00;9.90;437.00;4.05;0
16;bunker;2159.00;9.90;463.00;1.88;0
16;bunker;2180.00;11.85;501.00;1.99;0
16;bunker;2165.00;9.90;475.00;6.11;0
16;bunker;2155.00;11.25;488.00;2.49;0
16;bunker;2180.00;10.32;450.00;5.16;0
16;bunker;2183.00;10.10;453.00;0.43;0
16;bunker;2169.00;10.23;438.00;4.56;0
16;anti_air_building;2191.00;9.98;463.00;0.94;0
16;anti_air_building;2186.00;11.53;460.00;3.60;0
16;anti_air_building;2186.00;10.73;439.00;0.34;0
16;synthetic_refinery;2146.00;10.23;465.00;3.00;0
16;fuel_silo;2163.00;11.73;462.00;5.67;0
16;rocket_site;2163.00;11.60;448.00;5.06;0
16;nuclear_reactor;2163.00;10.55;433.00;6.28;0
51;arms_factory;2223.00;12.25;459.00;1.68;0
51;arms_factory;2256.00;11.85;444.00;5.81;0
51;arms_factory;2266.00;10.35;469.00;0.74;0
51;arms_factory;2265.00;10.48;406.00;3.75;0
51;arms_factory;2222.00;11.75;466.00;0.13;0
51;arms_factory;2265.00;12.88;410.00;2.80;0
51;industrial_complex;2265.00;10.30;477.00;0.63;0
51;industrial_complex;2257.00;11.10;455.00;2.19;0
51;industrial_complex;2290.00;12.60;430.00;4.86;0
51;industrial_complex;2264.00;12.00;418.00;1.24;0
51;industrial_complex;2265.00;11.43;398.00;5.37;0
51;industrial_complex;2248.00;11.18;433.00;5.47;0
51;air_base;2274.00;11.07;400.00;3.30;0
51;supply_node;2271.00;11.57;437.00;5.32;0
51;supply_node;2298.00;9.95;435.00;3.07;0
51;supply_node;2303.00;10.62;444.00;4.55;0
51;supply_node;2303.00;10.30;417.00;1.21;0
51;supply_node;2314.00;11.20;406.00;5.25;0
51;supply_node;2252.00;11.20;455.00;0.44;0
51;supply_node;2286.00;10.00;453.00;3.37;0
51;supply_node;2262.00;10.82;412.00;5.96;0
51;supply_node;2232.00;11.38;445.00;2.61;0
51;supply_node;2244.00;11.12;428.00;5.55;0
51;supply_node;2283.00;10.70;415.00;1.85;0
51;supply_node;2214.00;12.98;456.00;4.79;0
51;supply_node;2235.00;11.03;472.00;6.26;0
51;supply_node;2269.00;10.35;467.00;4.02;0
51;supply_node;2277.00;11.82;397.00;0.68;0
51;bunker;2306.00;10.95;424.00;3.37;0
51;bunker;2257.00;11.93;431.00;6.04;0
51;bunker;2261.00;11.35;441.00;1.31;0
51;bunker;2229.00;11.43;455.00;3.98;0
51;bunker;2217.00;10.25;445.00;1.82;0
51;bunker;2281.00;11.05;406.00;4.49;0
51;bunker;2300.00;9.90;438.00;6.04;0
51;bunker;2294.00;9.90;456.00;2.43;0
51;bunker;2235.00;12.23;477.00;0.26;0
51;bunker;2269.00;10.30;468.00;0.37;0
51;bunker;2301.00;10.03;443.00;4.49;0
51;bunker;2278.00;11.35;392.00;2.33;0
51;bunker;2266.00;12.05;422.00;3.54;0
51;bunker;2319.00;11.07;407.00;0.27;0
51;bunker;2244.00;11.60;459.00;2.93;0
51;anti_air_building;2279.00;11.53;392.00;5.60;0
51;anti_air_building;2256.00;10.50;457.00;1.99;0
51;anti_air_building;2291.00;11.80;432.00;5.00;0
51;synthetic_refinery;2258.00;10.93;421.00;6.21;0
51;fuel_silo;2292.00;10.45;399.00;4.05;0
51;rocket_site;2271.00;10.57;402.00;3.45;0
51;nuclear_reactor;2226.00;12.05;439.00;6.11;0
111;arms_factory;2243.00;11.15;363.00;0.21;0
111;arms_factory;2199.00;12.57;348.00;2.87;0
111;arms_factory;2231.00;10.95;376.00;0.71;0
111;arms_factory;2204.00;11.28;393.00;1.92;0
111;arms_factory;2174.00;10.10;380.00;4.93;0
111;arms_factory;2184.00;12.25;353.00;1.32;0
111;industrial_complex;2218.00;12.12;417.00;3.98;0
111;industrial_complex;2271.00;12.10;376.00;1.82;0
111;industrial_complex;2250.00;10.85;384.00;3.38;0
111;industrial_complex;2231.00;10.70;401.00;6.04;0
111;industrial_complex;2208.00;11.73;353.00;2.43;0
111;industrial_complex;2191.00;10.80;404.00;5.45;0
111;air_base;2237.00;11.12;365.00;0.37;0
111;supply_node;2224.00;11.65;399.00;3.71;0
111;supply_node;2239.00;11.05;385.00;0.36;0
111;supply_node;2244.00;11.12;405.00;3.29;0
111;supply_node;2250.00;10.57;368.00;5.87;0
111;supply_node;2183.00;11.32;383.00;2.53;0
111;supply_node;2217.00;11.78;420.00;4.01;0
111;supply_node;2186.00;10.98;363.00;1.77;0
111;supply_node;2192.00;10.70;419.00;4.71;0
111;supply_node;2178.00;11.85;404.00;6.18;0
111;supply_node;2206.00;11.90;355.00;3.94;0
111;supply_node;2225.00;10.45;366.00;5.42;0
111;supply_node;2207.00;11.70;380.00;2.07;0
111;supply_node;2203.00;10.57;437.00;6.11;0
111;supply_node;2203.00;12.35;400.00;1.31;0
111;supply_node;2266.00;11.70;380.00;4.24;0
111;bunker;2185.00;11.78;379.00;0.44;0
111;bunker;2209.00;10.98;427.00;4.56;0
111;bunker;2202.00;10.68;439.00;6.12;0
111;bunker;2248.00;10.35;390.00;3.96;0
111;bunker;2182.00;9.90;420.00;5.16;0
111;bunker;2184.00;9.90;412.00;3.00;0
111;bunker;2251.00;10.75;380.00;4.57;0
111;bunker;2205.00;11.50;360.00;0.95;0
111;bunker;2205.00;11.70;384.00;3.61;0
111;bunker;2221.00;10.90;388.00;1.45;0
111;bunker;2192.00;12.25;369.00;1.55;0
111;bunker;2238.00;12.32;416.00;5.67;0
111;bunker;2227.00;10.48;364.00;3.52;0
111;bunker;2261.00;11.53;383.00;4.72;0
111;bunker;2203.00;11.98;394.00;1.46;0
111;anti_air_building;2174.00;11.98;367.00;4.12;0
111;anti_air_building;2184.00;9.90;409.00;0.50;0
111;anti_air_building;2192.00;9.90;427.00;2.06;0
111;synthetic_refinery;2236.00;10.10;392.00;6.19;0
111;fuel_silo;2175.00;13.70;374.00;2.57;0
111;rocket_site;2201.00;10.53;384.00;0.51;0
111;nuclear_reactor;2235.00;11.10;374.00;4.63;0
18;arms_factory;2317.00;12.20;385.00;2.42;0
18;arms_factory;2287.00;10.88;378.00;3.98;0
18;arms_factory;2296.00;10.40;402.00;1.82;0
18;arms_factory;2304.00;12.25;394.00;4.49;0
18;arms_factory;2298.00;11.18;383.00;6.04;0
18;arms_factory;2312.00;11.40;390.00;3.88;0
18;industrial_complex;2297.00;10.80;401.00;5.09;0
18;industrial_complex;2297.00;12.05;391.00;2.93;0
18;industrial_complex;2282.00;11.20;382.00;4.49;0
18;industrial_complex;2314.00;11.85;376.00;0.87;0
18;industrial_complex;2308.00;11.57;397.00;3.54;0
18;industrial_complex;2316.00;11.88;386.00;1.38;0
18;air_base;2311.00;12.35;380.00;2.93;0
18;supply_node;2309.00;12.60;378.00;0.26;0
18;supply_node;2302.00;12.20;396.00;1.74;0
18;supply_node;2307.00;11.93;388.00;5.78;0
18;supply_node;2288.00;11.82;385.00;0.97;0
18;bunker;2305.00;11.53;401.00;4.05;0
18;bunker;2314.00;11.73;371.00;1.88;0
18;bunker;2296.00;12.20;393.00;1.99;0
18;bunker;2301.00;10.90;385.00;6.11;0
18;anti_air_building;2317.00;12.85;371.00;2.49;0
18;anti_air_building;2304.00;12.32;390.00;5.16;0
18;anti_air_building;2295.00;12.25;381.00;0.43;0
18;synthetic_refinery;2311.00;10.82;376.00;4.56;0
18;fuel_silo;2305.00;11.45;397.00;0.94;0
18;rocket_site;2308.00;11.78;380.00;0.34;0
18;nuclear_reactor;2301.00;11.30;386.00;3.00;0
147;arms_factory;2368.00;9.93;402.00;0.13;0
147;arms_factory;2342.00;10.88;402.00;3.15;0
147;arms_factory;2341.00;10.65;432.00;4.36;0
147;arms_factory;2328.00;10.82;422.00;2.20;0
147;arms_factory;2370.00;11.05;408.00;4.86;0
147;arms_factory;2374.00;12.30;444.00;0.14;0
147;industrial_complex;2340.00;11.30;384.00;2.80;0
147;industrial_complex;2355.00;12.30;417.00;0.65;0
147;industrial_complex;2361.00;10.38;446.00;3.31;0
147;industrial_complex;2359.00;10.48;442.00;4.87;0
147;industrial_complex;2348.00;11.50;394.00;2.71;0
147;industrial_complex;2336.00;11.80;413.00;5.37;0
147;air_base;2382.00;11.05;429.00;1.75;0
147;supply_node;2376.00;10.90;410.00;2.71;0
147;supply_node;2354.00;12.10;408.00;5.65;0
147;supply_node;2337.00;11.62;395.00;3.41;0
147;supply_node;2376.00;10.82;448.00;4.88;0
147;supply_node;2384.00;10.18;424.00;1.53;0
147;supply_node;2332.00;11.18;424.00;4.12;0
147;supply_node;2357.00;9.90;429.00;0.77;0
147;supply_node;2358.00;10.65;448.00;3.71;0
147;naval_base;2388.00;9.90;427.00;1.11;11055
147;naval_base;2369.00;9.90;458.00;-3.79;11398
147;naval_base;2329.00;9.90;434.00;-3.05;11212
147;naval_base;2356.00;9.95;458.00;-1.82;11212
147;naval_base;2341.00;10.65;438.00;-2.11;11212
147;naval_base;2385.00;11.38;401.00;1.19;11055
147;bunker;2330.00;12.00;423.00;5.44;0
147;bunker;2359.00;9.93;430.00;5.54;0
147;bunker;2366.00;10.07;447.00;3.38;0
147;bunker;2379.00;10.30;435.00;6.05;0
147;bunker;2372.00;9.90;401.00;2.43;0
147;bunker;2344.00;11.00;390.00;5.45;0
147;bunker;2371.00;9.90;445.00;1.83;0
147;bunker;2363.00;9.93;402.00;4.49;0
147;coastal_bunker;2381.00;9.90;459.00;-3.79;0
147;coastal_bunker;2349.00;10.73;449.00;-1.82;0
147;coastal_bunker;2386.00;12.25;406.00;1.19;0
147;coastal_bunker;2322.00;11.82;433.00;-3.05;0
147;coastal_bunker;2393.00;11.98;417.00;1.11;0
147;coastal_bunker;2343.00;10.85;439.00;-2.11;0
147;dockyard;2351.00;10.00;454.00;-1.82;0
147;anti_air_building;2349.00;12.10;403.00;1.39;0
147;anti_air_building;2358.00;10.70;447.00;4.40;0
147;anti_air_building;2351.00;10.88;398.00;5.61;0
147;synthetic_refinery;2329.00;11.03;422.00;3.45;0
147;fuel_silo;2334.00;9.98;415.00;6.11;0
147;rocket_site;2328.00;10.60;385.00;4.06;0
147;nuclear_reactor;2362.00;12.90;415.00;1.90;0
147;floating_harbor;2392.50;9.50;403.40;-1.95;332
147;floating_harbor;2386.00;9.50;459.00;-0.79;1019
147;floating_harbor;2396.26;9.50;417.87;-2.03;1777
147;floating_harbor;2330.37;9.50;441.97;0.09;2529
147;floating_harbor;2336.00;9.50;441.60;1.03;2560
147;floating_harbor;2343.21;9.50;451.70;1.33;9896
23;arms_factory;2361.00;11.25;396.00;2.93;0
23;arms_factory;2354.00;10.48;377.00;5.60;0
23;arms_factory;2362.00;11.50;359.00;3.44;0
23;arms_factory;2367.00;13.03;378.00;6.11;0
23;arms_factory;2375.00;10.80;386.00;1.38;0
23;arms_factory;2356.00;12.98;346.00;4.05;0
23;industrial_complex;2380.00;12.40;398.00;1.88;0
23;industrial_complex;2328.00;11.38;374.00;1.99;0
23;industrial_complex;2390.00;12.55;367.00;6.11;0
23;industrial_complex;2392.00;12.57;387.00;2.49;0
23;industrial_complex;2360.00;11.60;362.00;5.16;0
23;industrial_complex;2357.00;10.23;390.00;0.43;0
23;air_base;2377.00;11.10;390.00;4.56;0
23;supply_node;2343.00;10.62;372.00;1.21;0
23;supply_node;2380.00;12.60;388.00;2.69;0
23;supply_node;2398.00;10.93;378.00;0.45;0
23;supply_node;2361.00;10.98;384.00;3.39;0
23;supply_node;2379.00;12.82;367.00;4.86;0
23;supply_node;2353.00;11.57;353.00;2.62;0
23;naval_base;2406.00;11.05;374.00;1.21;11367
23;naval_base;2384.00;11.30;400.00;-4.00;11055
23;bunker;2367.00;12.40;353.00;4.12;0
23;bunker;2381.00;11.57;369.00;0.50;0
23;bunker;2358.00;10.75;384.00;2.05;0
23;bunker;2334.00;11.38;377.00;6.18;0
23;bunker;2378.00;10.60;387.00;2.56;0
23;bunker;2403.00;10.90;373.00;4.12;0
23;coastal_bunker;2385.00;10.48;400.00;-4.00;0
23;coastal_bunker;2406.00;11.05;374.00;1.21;0
23;dockyard;2393.00;12.48;389.00;-3.61;0
23;anti_air_building;2373.00;11.68;369.00;2.56;0
23;anti_air_building;2361.00;10.93;383.00;5.23;0
23;anti_air_building;2334.00;11.25;370.00;1.61;0
23;synthetic_refinery;2357.00;10.05;393.00;4.28;0
23;fuel_silo;2401.00;9.93;377.00;1.01;0
23;rocket_site;2387.00;12.98;370.00;0.06;0
23;nuclear_reactor;2373.00;11.65;384.00;4.18;0
23;floating_harbor;2392.31;9.50;398.56;-0.86;1020
23;floating_harbor;2404.13;9.50;390.26;-0.46;2143
20;arms_factory;2322.00;12.68;425.00;2.93;0
20;arms_factory;2323.00;12.00;404.00;4.49;0
20;arms_factory;2358.00;12.23;334.00;0.87;0
20;arms_factory;2375.00;11.65;318.00;3.54;0
20;arms_factory;2323.00;12.50;386.00;1.38;0
20;arms_factory;2320.00;12.78;424.00;2.93;0
20;industrial_complex;2323.00;12.48;402.00;5.60;0
20;industrial_complex;2336.00;12.45;352.00;3.44;0
20;industrial_complex;2374.00;11.35;317.00;6.11;0
20;industrial_complex;2321.00;12.73;385.00;1.38;0
20;industrial_complex;2310.00;9.90;451.00;4.05;0
20;industrial_complex;2323.00;11.60;399.00;1.88;0
20;air_base;2335.00;11.90;351.00;1.99;0
20;supply_node;2317.00;9.90;429.00;6.08;0
20;supply_node;2323.00;12.98;381.00;2.39;0
20;supply_node;2369.00;11.35;321.00;5.32;0
20;supply_node;2338.00;11.98;350.00;1.97;0
20;naval_base;2318.00;10.30;437.00;-3.50;11212
20;naval_base;2373.00;9.50;303.00;0.26;11391
20;bunker;2370.00;12.20;323.00;3.60;0
20;bunker;2330.00;12.98;365.00;0.34;0
20;bunker;2323.00;9.93;418.00;3.00;0
20;bunker;2324.00;11.98;384.00;5.67;0
20;coastal_bunker;2375.00;9.50;302.00;0.26;0
20;coastal_bunker;2320.00;12.50;433.00;-3.50;0
20;dockyard;2320.00;10.40;435.00;-3.50;0
20;anti_air_building;2320.00;12.25;431.00;4.12;0
20;anti_air_building;2324.00;10.88;409.00;0.50;0
20;anti_air_building;2331.00;12.45;360.00;2.05;0
20;synthetic_refinery;2373.00;13.53;321.00;6.18;0
20;fuel_silo;2322.00;12.18;394.00;2.56;0
20;rocket_site;2324.00;11.20;407.00;0.50;0
20;nuclear_reactor;2333.00;13.53;359.00;4.62;0
20;floating_harbor;2339.00;15.57;459.00;-0.71;11619
20;floating_harbor;2375.78;9.50;295.23;-2.88;11621
22;arms_factory;2391.00;11.23;355.00;5.60;0
22;arms_factory;2384.00;10.55;307.00;3.44;0
22;arms_factory;2417.00;9.90;343.00;6.11;0
22;arms_factory;2391.00;12.12;357.00;1.38;0
22;arms_factory;2393.00;10.78;328.00;4.05;0
22;arms_factory;2420.00;9.90;342.00;1.88;0
22;industrial_complex;2390.00;11.82;339.00;1.99;0
22;industrial_complex;2410.00;10.20;310.00;6.11;0
22;industrial_complex;2417.00;12.65;348.00;2.49;0
22;industrial_complex;2386.00;10.93;305.00;5.16;0
22;industrial_complex;2403.00;10.85;314.00;0.43;0
22;industrial_complex;2389.00;10.20;355.00;4.56;0
22;air_base;2405.00;10.20;325.00;0.94;0
22;supply_node;2394.00;9.90;352.00;2.69;0
22;supply_node;2402.00;10.60;332.00;0.45;0
22;supply_node;2375.00;11.62;338.00;3.39;0
22;supply_node;2417.00;11.90;322.00;4.86;0
22;supply_node;2410.00;10.78;357.00;2.62;0
22;supply_node;2391.00;9.90;310.00;4.10;0
22;naval_base;2426.00;9.90;330.00;-4.55;11367
22;naval_base;2411.00;9.90;367.00;-4.55;11367
22;naval_base;2379.00;9.73;300.00;0.36;11391
22;bunker;2403.00;10.75;348.00;2.05;0
22;bunker;2383.00;11.10;340.00;6.18;0
22;bunker;2420.00;9.90;342.00;2.56;0
22;bunker;2392.00;11.07;324.00;4.12;0
22;bunker;2384.00;10.55;307.00;0.50;0
22;bunker;2412.00;11.55;346.00;4.62;0
22;coastal_bunker;2422.00;10.88;340.00;-4.55;0
22;coastal_bunker;2412.00;9.90;367.00;-4.55;0
22;coastal_bunker;2404.00;10.05;305.00;0.36;0
22;dockyard;2398.00;9.65;303.00;0.36;0
22;anti_air_building;2393.00;10.40;335.00;4.28;0
22;anti_air_building;2402.00;10.80;348.00;1.01;0
22;anti_air_building;2397.00;11.18;359.00;5.13;0
22;synthetic_refinery;2384.00;10.68;310.00;0.06;0
22;fuel_silo;2373.00;11.10;329.00;4.18;0
22;rocket_site;2391.00;11.10;332.00;2.12;0
22;nuclear_reactor;2417.00;9.90;353.00;4.79;0
22;floating_harbor;2429.90;9.50;324.15;-1.41;2256
22;floating_harbor;2422.90;9.50;359.15;-1.41;2349
22;floating_harbor;2396.46;9.50;295.45;-2.78;2397
19;arms_factory;2315.00;12.03;328.00;4.49;0
19;arms_factory;2349.00;10.03;324.00;0.87;0
19;arms_factory;2351.00;11.62;333.00;3.54;0
19;arms_factory;2320.00;11.53;357.00;1.38;0
19;arms_factory;2335.00;10.15;321.00;2.93;0
19;arms_factory;2344.00;9.90;316.00;5.60;0
19;industrial_complex;2316.00;10.65;340.00;3.44;0
19;industrial_complex;2368.00;9.90;308.00;6.11;0
19;industrial_complex;2311.00;11.78;329.00;1.38;0
19;industrial_complex;2329.00;10.68;330.00;4.05;0
19;industrial_complex;2328.00;10.75;333.00;1.88;0
19;industrial_complex;2358.00;10.10;322.00;1.99;0
19;air_base;2341.00;10.68;332.00;6.11;0
19;supply_node;2355.00;10.35;316.00;2.39;0
19;supply_node;2331.00;11.05;332.00;5.32;0
19;supply_node;2322.00;12.40;351.00;1.97;0
19;supply_node;2346.00;10.55;329.00;4.56;0
19;supply_node;2316.00;11.75;329.00;1.21;0
19;naval_base;2339.00;9.50;312.00;-1.40;10965
19;naval_base;2329.00;9.80;317.00;-0.20;10965
19;naval_base;2323.00;10.07;318.00;0.00;10965
19;bunker;2355.00;9.95;321.00;5.67;0
19;bunker;2332.00;10.10;322.00;2.05;0
19;bunker;2319.00;11.82;320.00;5.06;0
19;bunker;2326.00;10.78;358.00;6.28;0
19;bunker;2355.00;9.90;327.00;4.12;0
19;coastal_bunker;2340.00;9.50;312.00;-1.40;0
19;coastal_bunker;2323.00;10.07;318.00;0.00;0
19;coastal_bunker;2328.00;9.70;317.00;-0.20;0
19;dockyard;2336.00;9.50;313.00;-1.40;0
19;anti_air_building;2334.00;10.57;328.00;4.12;0
19;anti_air_building;2348.00;12.15;333.00;0.50;0
19;anti_air_building;2363.00;9.90;321.00;4.62;0
19;synthetic_refinery;2344.00;9.90;315.00;5.83;0
19;fuel_silo;2341.00;9.90;316.00;2.56;0
19;rocket_site;2335.00;11.05;342.00;1.61;0
19;nuclear_reactor;2328.00;12.15;346.00;4.28;0
19;floating_harbor;2358.70;9.50;301.21;-2.90;651
19;floating_harbor;2326.63;9.50;310.14;-3.34;9500
19;floating_harbor;2316.00;9.50;309.00;-3.14;11636
40;arms_factory;2333.00;10.82;244.00;2.12;0
40;arms_factory;2360.00;9.90;267.00;4.79;0
40;arms_factory;2327.00;9.90;277.00;1.52;0
40;arms_factory;2321.00;9.90;261.00;2.73;0
40;arms_factory;2311.00;10.70;267.00;0.57;0
40;arms_factory;2319.00;9.90;243.00;3.24;0
40;industrial_complex;2345.00;10.53;261.00;4.79;0
40;industrial_complex;2325.00;9.90;275.00;2.63;0
40;industrial_complex;2324.00;9.90;258.00;5.30;0
40;industrial_complex;2360.00;9.90;273.00;1.68;0
40;industrial_complex;2331.00;12.07;241.00;3.24;0
40;industrial_complex;2346.00;10.82;259.00;1.08;0
40;air_base;2345.00;9.90;292.00;3.74;0
40;supply_node;2343.00;9.90;268.00;6.23;0
40;supply_node;2341.00;9.90;293.00;2.88;0
40;supply_node;2309.00;10.88;288.00;4.37;0
40;supply_node;2360.00;9.90;277.00;2.12;0
40;supply_node;2325.00;9.90;279.00;3.60;0
40;supply_node;2308.00;11.12;268.00;0.25;0
40;supply_node;2321.00;11.40;299.00;4.30;0
40;supply_node;2318.00;9.90;245.00;5.77;0
40;supply_node;2361.00;12.20;245.00;2.43;0
40;supply_node;2340.00;12.75;244.00;5.01;0
40;naval_base;2355.00;10.30;295.00;-4.19;11391
40;naval_base;2304.00;9.57;291.00;-2.03;10965
40;naval_base;2313.00;11.80;301.00;-3.14;10965
40;naval_base;2305.00;9.50;249.00;-1.39;11353
40;naval_base;2301.00;9.50;278.00;-2.36;10965
40;naval_base;2370.00;9.90;291.00;-3.39;11391
40;bunker;2316.00;9.90;238.00;3.91;0
40;bunker;2334.00;10.78;239.00;1.75;0
40;bunker;2342.00;9.90;287.00;5.87;0
40;bunker;2348.00;10.53;263.00;5.98;0
40;bunker;2312.00;10.00;278.00;3.81;0
40;bunker;2320.00;9.90;288.00;0.20;0
40;bunker;2309.00;10.00;283.00;2.87;0
40;bunker;2364.00;12.18;251.00;4.42;0
40;bunker;2350.00;9.90;279.00;2.26;0
40;bunker;2319.00;11.90;297.00;3.47;0
40;coastal_bunker;2322.00;10.78;304.00;-3.14;0
40;coastal_bunker;2337.00;11.85;301.00;-2.58;0
40;coastal_bunker;2305.00;10.20;293.00;-2.03;0
40;coastal_bunker;2309.00;9.90;232.00;-1.39;0
40;coastal_bunker;2302.00;9.53;262.00;-0.88;0
40;coastal_bunker;2362.00;9.90;294.00;-3.39;0
40;dockyard;2309.00;9.50;235.00;-1.39;0
40;anti_air_building;2321.00;9.90;241.00;1.82;0
40;anti_air_building;2311.00;10.45;238.00;4.49;0
40;anti_air_building;2334.00;9.90;292.00;6.04;0
40;synthetic_refinery;2302.00;9.95;271.00;2.43;0
40;fuel_silo;2347.00;11.88;239.00;0.26;0
40;rocket_site;2315.00;9.90;236.00;4.49;0
40;nuclear_reactor;2338.00;9.90;290.00;2.33;0
40;floating_harbor;2354.08;9.50;300.47;-1.05;1010
40;floating_harbor;2298.74;9.50;293.13;1.11;1156
40;floating_harbor;2365.70;9.50;299.79;-0.24;1384
40;floating_harbor;2296.62;9.50;258.52;-4.02;2485
40;floating_harbor;2321.00;9.50;310.00;0.00;2554
40;floating_harbor;2300.11;9.50;241.75;-4.53;9463
42;arms_factory;2345.00;10.05;217.00;4.79;0
42;arms_factory;2342.00;10.10;208.00;2.63;0
42;arms_factory;2321.00;10.07;208.00;5.30;0
42;arms_factory;2319.00;11.68;211.00;1.68;0
42;arms_factory;2323.00;13.35;226.00;3.24;0
42;arms_factory;2350.00;11.05;205.00;1.08;0
42;industrial_complex;2342.00;10.10;208.00;3.74;0
42;industrial_complex;2348.00;11.48;228.00;0.13;0
42;industrial_complex;2354.00;11.43;231.00;1.68;0
42;industrial_complex;2324.00;14.23;226.00;5.81;0
42;industrial_complex;2331.00;13.48;221.00;0.74;0
42;industrial_complex;2335.00;12.07;226.00;3.75;0
42;air_base;2348.00;11.48;228.00;0.13;0
42;supply_node;2338.00;11.03;206.00;4.30;0
42;supply_node;2323.00;12.45;218.00;5.77;0
42;supply_node;2350.00;10.78;219.00;2.43;0
42;naval_base;2308.00;9.73;230.00;-2.20;11353
42;bunker;2353.00;10.35;220.00;1.24;0
42;bunker;2320.00;13.23;227.00;5.37;0
42;bunker;2348.00;11.48;204.00;5.47;0
42;coastal_bunker;2308.00;10.90;228.00;-2.20;0
42;dockyard;2308.00;10.90;228.00;-2.20;0
42;anti_air_building;2351.00;11.28;211.00;3.81;0
42;anti_air_building;2325.00;10.98;209.00;3.91;0
42;anti_air_building;2321.00;11.85;212.00;1.75;0
42;synthetic_refinery;2332.00;10.48;208.00;5.87;0
42;fuel_silo;2354.00;10.50;207.00;5.98;0
42;rocket_site;2352.00;11.60;229.00;0.20;0
42;nuclear_reactor;2338.00;11.48;205.00;2.87;0
42;floating_harbor;2302.36;9.50;233.14;0.94;8986
39;arms_factory;2344.00;10.32;207.00;2.12;0
39;arms_factory;2350.00;10.05;215.00;4.79;0
39;arms_factory;2354.00;10.25;227.00;1.52;0
39;arms_factory;2307.00;12.45;186.00;2.73;0
39;arms_factory;2275.00;12.18;183.00;0.57;0
39;arms_factory;2302.00;12.23;181.00;3.24;0
39;industrial_complex;2345.00;10.88;245.00;4.79;0
39;industrial_complex;2338.00;10.53;231.00;2.63;0
39;industrial_complex;2350.00;10.78;208.00;5.30;0
39;industrial_complex;2338.00;10.43;220.00;1.68;0
39;industrial_complex;2315.00;10.25;208.00;3.24;0
39;industrial_complex;2273.00;11.23;177.00;1.08;0
39;air_base;2282.00;12.38;190.00;3.74;0
39;supply_node;2275.00;12.00;184.00;6.23;0
39;supply_node;2298.00;12.65;191.00;2.88;0
39;supply_node;2317.00;10.10;185.00;4.37;0
39;supply_node;2303.00;12.62;215.00;2.12;0
39;supply_node;2288.00;12.18;208.00;3.60;0
39;naval_base;2304.00;12.98;226.00;-2.68;11353
39;bunker;2314.00;12.43;176.00;5.37;0
39;bunker;2280.00;12.80;186.00;5.47;0
39;bunker;2288.00;13.20;193.00;3.30;0
39;bunker;2304.00;12.88;221.00;5.97;0
39;bunker;2291.00;12.78;204.00;3.81;0
39;coastal_bunker;2303.00;12.85;225.00;-2.68;0
39;dockyard;2299.00;12.35;225.00;-2.68;0
39;anti_air_building;2325.00;10.25;262.00;4.42;0
39;anti_air_building;2336.00;10.80;246.00;2.26;0
39;anti_air_building;2356.00;10.60;223.00;3.47;0
39;synthetic_refinery;2289.00;12.95;203.00;1.31;0
39;fuel_silo;2323.00;13.53;221.00;2.87;0
39;rocket_site;2294.00;12.40;191.00;3.37;0
39;nuclear_reactor;2286.00;9.90;215.00;6.04;0
39;floating_harbor;2294.87;9.50;231.26;0.46;9121
41;arms_factory;2291.00;12.45;154.00;3.24;0
41;arms_factory;2263.00;10.43;135.00;4.79;0
41;arms_factory;2259.00;10.90;137.00;2.63;0
41;arms_factory;2273.00;11.93;170.00;5.30;0
41;arms_factory;2314.00;13.68;170.00;1.68;0
41;arms_factory;2320.00;11.90;171.00;3.24;0
41;industrial_complex;2276.00;10.95;150.00;1.08;0
41;industrial_complex;2305.00;12.75;178.00;3.74;0
41;industrial_complex;2251.00;11.35;162.00;0.13;0
41;industrial_complex;2272.00;12.03;152.00;1.68;0
41;industrial_complex;2263.00;10.40;137.00;5.81;0
41;industrial_complex;2307.00;10.07;155.00;0.74;0
41;air_base;2257.00;12.07;172.00;3.75;0
41;supply_node;2322.00;12.05;170.00;0.25;0
41;supply_node;2297.00;12.60;171.00;4.30;0
41;supply_node;2266.00;11.03;165.00;5.77;0
41;supply_node;2252.00;12.30;155.00;2.43;0
41;supply_node;2282.00;11.90;161.00;5.01;0
41;supply_node;2263.00;11.20;140.00;1.67;0
41;supply_node;2297.00;12.68;153.00;3.14;0
41;naval_base;2248.00;9.60;141.00;-0.64;11338
41;naval_base;2250.00;9.50;128.00;-1.11;11338
41;bunker;2327.00;10.62;173.00;5.97;0
41;bunker;2272.00;12.03;166.00;3.81;0
41;bunker;2250.00;10.32;157.00;3.91;0
41;bunker;2309.00;12.43;174.00;1.75;0
41;bunker;2261.00;10.60;137.00;5.87;0
41;bunker;2287.00;12.07;142.00;5.98;0
41;bunker;2282.00;12.45;156.00;3.81;0
41;coastal_bunker;2250.00;9.50;130.00;-1.11;0
41;coastal_bunker;2244.00;10.30;152.00;-0.64;0
41;dockyard;2248.00;9.60;141.00;-0.64;0
41;anti_air_building;2250.00;10.40;144.00;2.26;0
41;anti_air_building;2301.00;12.70;166.00;3.47;0
41;anti_air_building;2276.00;10.75;153.00;1.31;0
41;synthetic_refinery;2282.00;11.07;146.00;2.87;0
41;fuel_silo;2281.00;12.70;154.00;5.54;0
41;rocket_site;2278.00;11.90;160.00;6.04;0
41;nuclear_reactor;2258.00;11.35;141.00;1.31;0
41;floating_harbor;2241.80;9.50;141.40;-3.79;10368
41;floating_harbor;2242.74;9.50;129.87;-4.25;11637
38;arms_factory;2229.00;9.90;216.00;5.74;0
38;arms_factory;2222.00;10.15;194.00;2.12;0
38;arms_factory;2251.00;9.90;203.00;4.79;0
38;arms_factory;2254.00;11.73;185.00;1.52;0
38;arms_factory;2253.00;9.90;197.00;2.73;0
38;arms_factory;2225.00;11.90;211.00;0.57;0
38;industrial_complex;2261.00;9.90;221.00;3.24;0
38;industrial_complex;2245.00;9.90;207.00;4.79;0
38;industrial_complex;2224.00;11.80;162.00;2.63;0
38;industrial_complex;2284.00;9.90;225.00;5.30;0
38;industrial_complex;2231.00;11.78;183.00;1.68;0
38;industrial_complex;2271.00;9.90;213.00;3.24;0
38;air_base;2242.00;10.28;200.00;1.08;0
38;supply_node;2238.00;9.90;211.00;2.19;0
38;supply_node;2271.00;9.90;226.00;6.23;0
38;supply_node;2262.00;9.90;209.00;2.88;0
38;supply_node;2223.00;11.07;196.00;4.37;0
38;supply_node;2231.00;12.82;160.00;2.12;0
38;supply_node;2249.00;11.88;187.00;3.60;0
38;supply_node;2240.00;13.38;177.00;0.25;0
38;supply_node;2218.00;12.15;178.00;4.30;0
38;naval_base;2245.00;9.65;223.00;-2.72;10999
38;naval_base;2229.00;12.25;155.00;0.00;11338
38;naval_base;2272.00;10.03;231.00;-4.35;11353
38;naval_base;2214.00;10.20;164.00;-0.20;11035
38;bunker;2251.00;9.90;224.00;5.37;0
38;bunker;2238.00;9.90;202.00;5.47;0
38;bunker;2262.00;9.90;220.00;3.30;0
38;bunker;2238.00;12.10;167.00;5.97;0
38;bunker;2232.00;12.68;161.00;3.81;0
38;bunker;2220.00;11.65;165.00;3.91;0
38;bunker;2219.00;10.18;192.00;1.75;0
38;bunker;2245.00;10.35;192.00;5.87;0
38;coastal_bunker;2259.00;9.85;230.00;-1.82;0
38;coastal_bunker;2224.00;10.57;156.00;0.00;0
38;coastal_bunker;2224.00;10.32;218.00;-2.72;0
38;coastal_bunker;2213.00;10.12;164.00;-0.20;0
38;dockyard;2237.00;9.90;219.00;-2.72;0
38;anti_air_building;2240.00;11.35;189.00;2.26;0
38;anti_air_building;2220.00;10.30;192.00;3.47;0
38;anti_air_building;2233.00;11.45;183.00;1.31;0
38;synthetic_refinery;2254.00;12.12;182.00;2.87;0
38;fuel_silo;2248.00;10.00;195.00;5.54;0
38;rocket_site;2275.00;9.90;219.00;6.04;0
38;nuclear_reactor;2235.00;12.78;177.00;1.31;0
38;floating_harbor;2231.16;9.50;226.40;0.42;416
38;floating_harbor;2285.55;9.50;231.46;-1.21;889
38;floating_harbor;2231.00;9.50;148.00;-3.14;9215
38;floating_harbor;2213.63;9.50;156.14;-3.34;10114
37;arms_factory;2189.00;10.43;198.00;4.18;0
37;arms_factory;2204.00;11.28;212.00;5.74;0
37;arms_factory;2197.00;10.80;198.00;2.12;0
37;arms_factory;2194.00;10.65;211.00;4.79;0
37;arms_factory;2210.00;11.62;196.00;1.52;0
37;arms_factory;2201.00;10.78;211.00;2.73;0
37;industrial_complex;2194.00;10.50;197.00;0.57;0
37;industrial_complex;2215.00;11.23;209.00;3.24;0
37;industrial_complex;2201.00;11.03;197.00;4.79;0
37;industrial_complex;2204.00;11.25;208.00;2.63;0
37;industrial_complex;2191.00;10.73;196.00;5.30;0
37;industrial_complex;2207.00;11.25;210.00;1.68;0
37;air_base;2197.00;12.15;193.00;3.24;0
37;supply_node;2202.00;11.50;206.00;0.72;0
37;naval_base;2212.00;9.85;221.00;-3.55;11507
37;bunker;2207.00;11.32;207.00;0.13;0
37;coastal_bunker;2209.00;10.05;223.00;-3.55;0
37;dockyard;2205.00;11.23;223.00;-3.55;0
37;anti_air_building;2193.00;11.53;191.00;0.74;0
37;anti_air_building;2203.00;11.80;206.00;3.75;0
37;anti_air_building;2194.00;11.70;192.00;0.13;0
37;synthetic_refinery;2212.00;11.20;206.00;2.80;0
37;fuel_silo;2202.00;11.18;220.00;0.63;0
37;rocket_site;2218.00;12.12;217.00;4.86;0
37;nuclear_reactor;2208.00;11.60;205.00;1.24;0
37;floating_harbor;2211.81;9.50;228.41;-0.41;9929
50;arms_factory;2176.00;10.53;190.00;3.30;0
50;arms_factory;2201.00;11.30;186.00;5.97;0
50;arms_factory;2201.00;12.48;191.00;3.81;0
50;arms_factory;2188.00;11.78;182.00;3.91;0
50;arms_factory;2183.00;10.53;200.00;1.75;0
50;arms_factory;2191.00;10.12;215.00;5.87;0
50;industrial_complex;2183.00;10.45;187.00;5.98;0
50;industrial_complex;2206.00;9.93;172.00;3.81;0
50;industrial_complex;2201.00;11.12;188.00;0.20;0
50;industrial_complex;2209.00;12.07;166.00;2.87;0
50;industrial_complex;2200.00;9.90;182.00;4.42;0
50;industrial_complex;2185.00;10.30;208.00;2.26;0
50;air_base;2207.00;9.90;178.00;3.47;0
50;supply_node;2199.00;10.45;178.00;6.26;0
50;supply_node;2180.00;10.15;190.00;4.02;0
50;supply_node;2190.00;11.38;214.00;0.68;0
50;naval_base;2188.00;9.50;218.00;-3.34;11507
50;naval_base;2176.00;9.62;182.00;-1.03;11035
50;naval_base;2185.00;10.62;176.00;-0.32;11035
50;bunker;2184.00;10.32;185.00;3.98;0
50;bunker;2209.00;12.07;166.00;1.82;0
50;bunker;2185.00;10.68;204.00;4.49;0
50;coastal_bunker;2180.00;9.50;202.00;-3.04;0
50;coastal_bunker;2190.00;12.10;171.00;-0.32;0
50;coastal_bunker;2186.00;10.50;212.00;-3.34;0
50;dockyard;2187.00;10.18;214.00;-3.34;0
50;anti_air_building;2187.00;11.65;188.00;4.49;0
50;anti_air_building;2202.00;9.90;173.00;2.33;0
50;anti_air_building;2194.00;10.48;218.00;3.54;0
50;synthetic_refinery;2212.00;12.85;167.00;0.27;0
50;fuel_silo;2181.00;10.28;197.00;2.93;0
50;rocket_site;2179.00;11.18;183.00;1.99;0
50;nuclear_reactor;2211.00;12.98;171.00;5.00;0
50;floating_harbor;2193.79;9.50;162.36;-3.46;841
50;floating_harbor;2169.00;9.50;183.40;-4.17;9470
50;floating_harbor;2189.00;9.50;222.00;0.59;9993
1;arms_factory;2323.00;10.25;488.00;4.74;0
1;arms_factory;2380.00;12.57;481.00;1.12;0
1;arms_factory;2359.00;10.85;478.00;4.13;0
1;arms_factory;2349.00;9.90;484.00;0.52;0
1;arms_factory;2369.00;12.55;490.00;3.18;0
1;arms_factory;2341.00;11.05;485.00;1.02;0
1;industrial_complex;2367.00;11.10;469.00;1.12;0
1;industrial_complex;2326.00;12.20;494.00;5.25;0
1;industrial_complex;2371.00;12.35;485.00;1.63;0
1;industrial_complex;2366.00;11.95;476.00;4.29;0
1;industrial_complex;2348.00;11.75;472.00;5.85;0
1;industrial_complex;2327.00;10.05;485.00;3.69;0
1;air_base;2370.00;12.25;483.00;4.90;0
1;supply_node;2351.00;10.38;480.00;2.17;0
1;supply_node;2373.00;12.73;479.00;5.11;0
1;supply_node;2329.00;11.30;492.00;2.87;0
1;naval_base;2343.00;11.40;476.00;-0.90;11212
1;naval_base;2379.00;10.93;470.00;-0.10;11398
1;naval_base;2339.00;9.50;490.00;0.79;11212
1;bunker;2379.00;13.32;486.00;5.41;0
1;bunker;2332.00;11.70;496.00;3.25;0
1;bunker;2346.00;11.68;477.00;4.81;0
1;coastal_bunker;2372.00;10.23;469.00;-0.10;0
1;coastal_bunker;2333.00;10.90;492.00;0.79;0
1;coastal_bunker;2344.00;11.30;474.00;-0.90;0
1;dockyard;2369.00;11.43;469.00;-0.10;0
1;anti_air_building;2377.00;12.30;490.00;5.92;0
1;anti_air_building;2370.00;13.15;480.00;3.76;0
1;anti_air_building;2365.00;10.00;470.00;4.96;0
1;synthetic_refinery;2334.00;11.55;494.00;1.70;0
1;fuel_silo;2353.00;10.23;471.00;4.37;0
1;rocket_site;2356.00;10.00;472.00;2.31;0
1;nuclear_reactor;2356.00;12.20;479.00;0.14;0
1;floating_harbor;2340.53;9.50;471.63;-4.04;8966
1;floating_harbor;2371.30;9.50;462.03;-3.24;10083
1;floating_harbor;2337.95;9.50;483.05;-2.36;10117