1 3 8966 10271 10595 
1 14 11726 9984 4518 5292 4186 5310 9944 10595 10538 9520 3162 9630 11634 11629 
1 5 10271 10393 10329 9167 10268 
1 7 10268 11630 9389 10621 10111 11623 11588 
1 6 9944 11692 11619 11620 11622 11621 
1 21 11622 9782 9500 11636 11598 11833 11604 11599 11770 11601 11603 11800 11811 11600 11835 11602 11841 11579 11580 11593 11587 
1 3 11635 11624 11620 
1 8 11587 11584 11590 11589 11581 11586 11617 11631 
1 7 11582 11588 11595 11596 11592 11591 11586 
1 3 11715 10138 11835 
1 3 8879 11783 11833 
